0.056786
0.430222
0.129999
0.064557
0.272477
0.464453
0.469489
0.356937
0.356423
0.016496
0.384287
0.361104
0.321267
0.116265
0.183641
0.284849
0.148502
0.200544
0.180940
0.482773
0.276966
0.473023
0.147321
0.113851
0.101240
0.346898
0.200047
0.075598
0.345165
0.278663
0.204350
0.435486
0.459541
0.154798
0.219532
0.472582
0.276669
0.400429
0.228623
0.258697
0.306808
0.213916
0.420815
0.161581
0.391145
0.126085
0.008936
0.271566
0.226536
0.182011
0.162966
0.154932
0.197108
0.119276
0.363176
0.231422
0.463402
0.438235
0.166987
0.263780
0.462616
0.212578
0.200550
0.256944
0.089150
0.087137
0.348843
0.256787
0.054687
0.158911
0.456305
0.379243
0.136184
0.345960
0.462744
0.352920
0.142832
0.205598
0.280259
0.377817
0.100653
0.445421
0.259533
0.034298
0.178071
0.153016
0.231042
0.091249
0.047504
0.443736
0.169069
0.474054
0.404353
0.159170
0.207225
0.118106
0.396913
0.482195
0.386777
0.049953
0.494290
0.073141
0.267683
0.440534
0.388117
0.444349
0.202576
0.289876
0.494977
0.110873
0.063411
0.425658
0.104123
0.375290
0.374988
0.011401
0.041231
0.482264
0.453308
0.430269
0.479401
0.451275
0.485478
0.205643
0.409886
0.312566
0.000842
0.470839
0.339663
0.450912
0.008878
0.279952
0.364527
0.099370
0.412614
0.389198
0.429936
0.068779
0.220610
0.411595
0.444925
0.063577
0.361335
0.243051
0.483726
0.280725
0.402725
0.169519
0.253123
0.225526
0.291538
0.053696
0.128897
0.349603
0.152126
0.114641
0.079489
0.012927
0.008376
0.132988
0.454685
0.235696
0.287869
0.439329
0.005742
0.160697
0.433279
0.049588
0.409719
0.453510
0.175700
0.296485
0.107668
0.292284
0.481830
0.379723
0.303360
0.003171
0.059336
0.226193
0.257047
0.129091
0.372523
0.472326
0.101305
0.223888
0.444005
0.141868
0.012827
0.281976
0.356199
0.114155
0.329752
0.248546
0.218703
0.467661
0.069354
0.235207
0.305225
0.090641
0.354335
0.396719
0.180067
0.429430
0.376778
0.394769
0.069079
0.453892
0.343625
0.145898
0.335679
0.131080
0.118646
0.365356
0.413815
0.244736
0.367553
0.184099
0.145962
0.466910
0.227911
0.023599
0.366049
0.028463
0.180404
0.315910
0.033395
0.180100
0.088281
0.022014
0.202276
0.135596
0.409950
0.499622
0.391641
0.254866
0.425338
0.138564
0.232765
0.340368
0.163811
0.265779
0.251126
0.387957
0.078614
0.231758
0.257679
0.494251
0.327155
0.026503
0.037667
0.484405
0.432503
0.011377
0.061581
0.364093
0.249255
0.062913
0.251055
0.276215
0.379519
0.322733
0.005536
0.119665
0.167270
0.109170
0.124203
0.066198
0.192244
0.415451
0.236563
0.405755
0.243149
0.379891
0.312522
0.496930
0.182365
0.435238
0.307990
0.142773
0.399143
0.281841
0.386655
0.266036
0.375433
0.460344
0.112592
0.410287
0.135781
0.247910
0.383746
0.205171
0.248769
0.042628
0.338141
0.468861
0.320059
0.200829
0.148325
0.151985
0.320865
0.266049
0.369956
0.305133
0.343138
0.290559
0.161709
0.036848
0.228210
0.393228
0.309372
0.213069
0.443860
0.416088
0.398047
0.277525
0.275015
0.147602
0.085629
0.297216
0.102105
0.209403
0.221864
0.014200
0.311453
0.176708
0.295597
0.237137
0.000989
0.238142
0.282352
0.077771
0.018050
0.097914
0.453287
0.101718
0.008726
0.462428
0.380343
0.469374
0.011918
0.192929
0.172141
0.356239
0.434731
0.432256
0.183503
0.497372
0.236077
0.086559
0.405974
0.192298
0.356131
0.098138
0.283309
0.179328
0.168029
0.064376
0.166515
0.077171
0.457084
0.401528
0.025245
0.269818
0.042084
0.421858
0.255658
0.316236
0.299069
0.473143
0.200695
0.411792
0.284526
0.228599
0.380851
0.365607
0.313109
0.250082
0.007680
0.075010
0.022984
0.358662
0.232758
0.298177
0.451244
0.211946
0.407898
0.028536
0.466786
0.223436
0.084021
0.024306
0.328604
0.326166
0.179935
0.466140
0.378881
0.297380
0.379834
0.068770
0.009934
0.295653
0.267634
0.208739
0.254121
0.212501
0.238104
0.199695
0.376203
0.280775
0.482244
0.469885
0.047089
0.172370
0.129356
0.265209
0.002545
0.456315
0.012607
0.283061
0.035201
0.254563
0.267380
0.100672
0.477085
0.352394
0.290514
0.379148
0.291264
0.096294
0.015558
0.451875
0.329595
0.270056
0.007346
0.045862
0.428149
0.464188
0.442545
0.096282
0.253231
0.278597
0.042115
0.298169
0.068611
0.380126
0.150335
0.164184
0.474814
0.127444
0.455547
0.128357
0.424035
0.055361
0.221024
0.036017
0.052924
0.088319
0.475957
0.111883
0.346747
0.456457
0.313105
0.246084
0.010819
0.274377
0.229278
0.314013
0.498296
0.305667
0.252178
0.208884
0.178376
0.168343
0.146067
0.037502
0.086590
0.168370
0.178727
0.098622
0.047855
0.453364
0.440567
0.204924
0.374819
0.035594
0.265578
0.015684
0.434444
0.272474
0.181922
0.196966
0.295695
0.119511
0.007103
0.196748
0.465263
0.384949
0.470457
0.398193
0.388878
0.168101
0.311161
0.326209
0.235829
0.103858
0.482292
0.318274
0.241240
0.262421
0.013908
0.314516
0.497850
0.064514
0.295983
0.204432
0.042341
0.458401
0.045802
0.381788
0.368413
0.485786
0.071235
0.429808
0.273982
0.167207
0.272691
0.453359
0.313156
0.031001
0.228388
0.353662
0.296742
0.205610
0.117461
0.398424
0.266286
0.493487
0.287062
0.306256
0.013773
0.266139
0.198518
0.344406
0.373577
0.233800
0.440939
0.462616
0.186611
0.367416
0.447217
0.359436
0.432362
0.309272
0.272462
0.203989
0.477527
0.484380
0.002731
0.279490
0.144286
0.072594
0.012423
0.189228
0.379736
0.334030
0.491155
0.179021
0.455870
0.069297
0.053063
0.405303
0.386406
0.226896
0.065072
0.047864
0.463659
0.314003
0.119674
0.340651
0.055193
0.064475
0.485658
0.179103
0.216680
0.279270
0.261580
0.006040
0.451270
0.025297
0.436698
0.138598
0.183978
0.012436
0.020399
0.313569
0.358935
0.304921
0.429141
0.273915
0.205656
0.431280
0.310039
0.446682
0.319137
0.347193
0.267631
0.469182
0.296405
0.412538
0.463807
0.079829
0.127748
0.139487
0.096564
0.382691
0.402871
0.103224
0.404128
0.132581
0.001952
0.398480
0.199840
0.150733
0.130293
0.175123
0.343247
0.217600
0.101195
0.344487
0.182396
0.359186
0.453626
0.224251
0.300234
0.039065
0.394198
0.187432
0.006782
0.246018
0.139161
0.057714
0.039023
0.181122
0.442462
0.314637
0.145820
0.424852
0.442396
0.076249
0.155114
0.403350
0.459685
0.161202
0.424890
0.007289
0.140234
0.230535
0.393544
0.426068
0.480150
0.240598
0.066552
0.149382
0.487750
0.151372
0.388509
0.147140
0.315663
0.047947
0.113049
0.428294
0.294668
0.295263
0.253282
0.025539
0.468100
0.305915
0.108702
0.025446
0.396018
0.324468
0.344959
0.225753
0.303341
0.182984
0.034424
0.291403
0.146800
0.298599
0.406565
0.007082
0.284199
0.414771
0.321555
0.287498
0.406232
0.268765
0.167708
0.333195
0.362263
0.066850
0.405118
0.180763
0.185959
0.104924
0.033572
0.186069
0.428884
0.276855
0.235537
0.462923
0.060717
0.083358
0.430857
0.078709
0.325651
0.215513
0.037859
0.447055
0.008282
0.240426
0.339179
0.273305
0.125742
0.194801
0.408147
0.463457
0.481240
0.264048
0.095313
0.322146
0.138854
0.362915
0.119483
0.115203
0.387414
0.010015
0.464596
0.279863
0.087444
0.335960
0.421085
0.260439
0.481364
0.201468
0.255638
0.480622
0.153160
0.407950
0.232290
0.344786
0.119754
0.090030
0.373464
0.154523
0.178001
0.155976
0.156969
0.447544
0.418281
0.361450
0.266048
0.146072
0.094579
0.369611
0.376776
0.484680
0.349774
0.127728
0.406671
0.166227
0.497711
0.184770
0.176682
0.446913
0.307165
0.377154
0.023411
0.255494
0.479839
0.195251
0.235734
0.205561
0.030682
